3.183811272358157834e-02 7.124327510668871932e-01
6.757281252568733687e-02 9.379740730499559476e-01
3.550018118444273757e-02 8.999176303422755652e-01
6.373692727015863035e-02 1.116808776985517282e+00
4.145209073299609137e-02 9.208286692844531718e-01
2.658354561407798300e-02 8.345813998898736763e-01
1.781759754677149366e-02 9.394860175705950223e-01
1.471060934943270102e-02 7.133447743463530166e-01
4.809020132356126714e-02 9.278538762538826035e-01
2.601086697305193818e-02 1.127191777610052403e+00
5.352678475964827570e-02 9.897622722486112412e-01
1.423508161156901777e-02 9.882378258523950576e-01
3.530574383273607508e-02 8.929022929854513180e-01
3.022753734152888727e-02 1.094927662618639941e+00
2.571795359827745708e-02 6.764019293498380048e-01
2.942349276010559900e-02 6.742178425314911960e-01
6.939766447366284285e-02 1.052278439667144738e+00
1.355406963963273585e-02 7.179160233148629278e-01
4.637913341510888077e-02 7.539580116743179738e-01
6.698154599684418009e-02 6.512491740603324475e-01
6.293684706210872504e-02 9.028204541556276164e-01
2.367001712556229820e-02 9.255956972253363002e-01
2.002793677488012847e-02 8.856243615233163613e-01
3.971792508554545381e-02 1.075763554609575845e+00
5.445602774526291795e-02 1.019694762737267446e+00
6.412177015044709383e-02 6.478503604947015715e-01
4.911247016367274731e-02 9.352093043233715708e-01
3.946265858816063593e-02 1.047417507333715747e+00
3.124141500509305946e-02 9.037995817955717381e-01
1.269338798808503088e-02 8.937450538107848397e-01
