2.919214818137578354e-02 6.773947116235027321e-01 4.559957751906382889e-02 8.942907674592788236e-01
2.318210199087071544e-02 9.374546680808222288e-01 5.262375412208234599e-02 8.978399620389599933e-01
2.027768724405170850e-02 8.374652441653086532e-01 1.145134591805945651e-02 5.705088196301350001e-01
2.200703062660270409e-02 8.372716424680062275e-01 3.701705031355422004e-02 9.215918842609102102e-01
6.621713073688570428e-02 8.958991851789911420e-01 1.611841119828312865e-02 8.718461889812996191e-01
4.427673036588405941e-02 1.064029296881361386e+00 3.749977288399158892e-02 9.587514762405475732e-01
1.791994439787243654e-02 7.373562098925113828e-01 5.460717208083242652e-02 9.082878071576034884e-01
2.267109890706975328e-02 9.221628848224087127e-01 5.250400392946696915e-02 8.479932680588511129e-01
3.694595742692118046e-02 7.233141763035160210e-01 5.218830000807265362e-02 9.828018111467530238e-01
2.800807843955231691e-02 9.951098730574260420e-01 6.525522001854874854e-02 9.037671529112997204e-01
2.552277226989799197e-02 1.093633832871646616e+00 3.575471496595840348e-02 7.820453791028409984e-01
5.370099239485472131e-02 1.316405723737894995e+00 1.276395996452522712e-02 7.104996742980331792e-01
2.579761876023586170e-02 8.143550198024949172e-01 5.875874223430928300e-02 8.262510102909346177e-01
3.743436976795664478e-02 1.036282801578895407e+00 5.295840965517244897e-02 7.858766391094680337e-01
2.019576212128641746e-02 6.552522985676524359e-01 1.412556369593065929e-02 1.073479781050092008e+00
5.251394734101409723e-02 8.746231092497430692e-01 3.639507696203576892e-02 9.091012702089968922e-01
6.332766441738091334e-02 5.569332682887015995e-01 3.125685068384471271e-02 8.919418804468576267e-01
4.121655662061569220e-02 9.128362209865789056e-01 1.193461979297417118e-02 8.001283594165677915e-01
4.874390001819067786e-02 6.738415906789160248e-01 3.123526382475019098e-02 1.014278840489139188e+00
3.062185966852672830e-02 7.626904625292694195e-01 5.343803322681610346e-02 5.056361924410510689e-01
5.139026052015791685e-02 9.031310608803154727e-01 2.196692108533034385e-02 1.280858190065950586e+00
2.201446978472250751e-02 8.669525799049545567e-01 5.682769159378532609e-02 7.261143459270558154e-01
1.537108946373676698e-02 9.516467883881517542e-01 1.408993837389660962e-02 8.433904306374712112e-01
1.649285916191345347e-02 9.575280108923397426e-01 6.268299591316608965e-02 9.785718692933160767e-01
4.961177288336197921e-02 9.789360049823230270e-01 5.500327936158423692e-02 7.396258979196373984e-01
3.306569651134368126e-02 6.817854291125919897e-01 1.588261752822426806e-02 6.391341243050242538e-01
2.555819751387403138e-02 1.125466511817022175e+00 5.286369850749189636e-02 8.980770454322536400e-01
6.504566154470885209e-02 6.371422813752958270e-01 5.943562776220914085e-02 8.621535827292254872e-01
2.387818660452357966e-02 5.995561482506296391e-01 2.632649479168846368e-02 8.652215164564573957e-01
2.894698893124567768e-02 7.604584013290938138e-01 6.170161283180214395e-02 6.481339712635636463e-01
