2.602844250160611314e-02 -3.730887372104564892e-01 2.813590714611059404e-02 2.799914919431781835e-01
1.772667464065017309e-02 -5.393550070513232209e-01 3.402530957637567993e-02 4.038868925143704880e-01
1.971964441046349104e-02 -7.013136371932983115e-01 2.309532850034951360e-02 -1.210206721384462947e+00
nan nan nan nan
4.907675512394100992e-02 5.094103493310642161e-01 1.782371583780612348e-02 -1.049349302492433855e+00
2.543564157677987575e-02 4.441381771502054820e-01 2.024952448135402400e-02 1.439925036791754875e-01
2.157978264816486774e-02 -8.176503800749256312e-01 3.552655795335765698e-02 4.445371936794007550e-01
1.803222686083984921e-02 -5.695150180565418108e-01 3.518555473366952180e-02 3.359075618542981534e-01
2.937165947936971541e-02 -1.135006680661149181e-01 3.158046557802403342e-02 5.181447909352798753e-01
1.727747142535150313e-02 -2.512403944114986465e-01 4.540134759499498546e-02 5.438721282655724076e-01
1.416577464972785735e-02 -3.696965771175504401e-01 2.400444521187612701e-02 -1.078923294497241697e-01
2.845109270384041725e-02 1.016175093895248516e+00 2.111967973425661962e-02 -1.172802626887507138e+00
2.121210674931311990e-02 -4.394952284915981666e-01 4.129615917349085952e-02 3.830947637098797709e-01
2.102299299258555965e-02 2.121412032782763468e-01 3.720291349587160484e-02 2.635082283837193451e-01
2.337071526494399060e-02 -7.240722657517428829e-01 1.625084550941825745e-02 -1.242070878307511173e+00
3.731748870945413021e-02 3.421250333773217522e-01 2.088013231684691592e-02 4.443316985391226187e-02
5.553677168209155551e-02 1.030386013643981441e-01 1.845395448605944427e-02 -1.886732477054696711e-01
2.712075613384752962e-02 1.791940883002534346e-01 2.040756178573356963e-02 -1.229882747444697610e+00
3.966303314739597075e-02 6.671010589291602455e-02 1.505165685241776317e-02 -8.435447199462112189e-02
nan nan nan nan
nan nan nan nan
1.920539810040326409e-02 -6.103163700991266483e-01 4.217510417573803322e-02 2.384022591841022942e-01
1.848818406780675452e-02 -9.724693819229708325e-01 1.898073853826293123e-02 -1.142805780178292929e+00
1.803737920170940881e-02 -9.159626814498389447e-01 4.131987406566271781e-02 6.266021885410940628e-01
3.208547733424538251e-02 4.306254025296022969e-01 4.021074615707050104e-02 2.333362028311549152e-01
2.803739686373745224e-02 -2.502491069307623550e-01 2.149975608363670354e-02 -1.019743170029722812e+00
1.336033399641683300e-02 -3.615750693348424027e-01 3.423043714050280628e-02 4.075357673012854343e-01
5.486425097341157686e-02 2.005902969109644718e-01 4.101595684917314077e-02 4.367065116075714570e-01
2.558469226236857741e-02 -5.936462426677155957e-01 1.739390387273411984e-02 -4.616196056781297075e-01
nan nan nan nan
