1.014473713678574418e+00 -4.172695008150514229e-18 1.762012753002595855e-01 5.130311694306804136e-03 1.762012753002595578e-01 -5.130311694306804136e-03 1.012006394894604977e+00 2.825841449518636501e-18
1.008781526460129641e+00 4.092874419302014802e-03 1.510767313433298564e-01 -2.886333451461364080e-02 1.285205711677036566e-01 1.144611987530009395e-02 1.014859076333185506e+00 7.871501656959748253e-03
1.007382625191168168e+00 9.454488133703854019e-03 1.186423924553632048e-01 -3.687339575711976597e-02 1.663151712737164500e-01 -6.055531744516816535e-03 1.011874436658635190e+00 1.641562646482241494e-03
nan nan nan nan nan nan nan nan
1.006329421224104070e+00 9.178069899312853858e-03 1.202256404465867623e-01 -4.324477235992238433e-02 1.239588317561716863e-01 -5.107056517749131337e-03 1.012123753634132761e+00 8.664000231477521005e-03
1.010989112689260727e+00 6.269619757809963799e-03 1.381280162097481834e-01 -1.538236919530006595e-02 1.323728201879865451e-01 2.316074037090358473e-02 1.016793491742645994e+00 7.207180643914256647e-03
1.013239194362519191e+00 1.807339786740878168e-02 6.714371049940713598e-02 -8.843627912892858050e-04 1.057848553506315764e-01 -3.591557977189688972e-02 1.007053800833359603e+00 1.174497368333088029e-02
1.004714224090134111e+00 1.211771282087691255e-02 1.023756630674801105e-01 -5.275025622716194434e-02 7.725791376083193662e-02 -2.188051291951532973e-02 1.009443465620205149e+00 1.644546976302772856e-02
1.015709606331664627e+00 8.575385746751837054e-03 1.245999515398505120e-01 1.325850285283057192e-02 1.103143954687606787e-01 -3.338641474734206638e-02 1.007463462768932727e+00 1.098827910023326623e-02
1.008674549251894481e+00 1.169538972148781268e-02 1.052345446137327722e-01 -2.890776022810972665e-02 1.587269388990686370e-01 1.223782138548845221e-03 1.013098151197909580e+00 2.884193854136820039e-03
1.009245106533794845e+00 1.059575839223663059e-02 1.119089584482340777e-01 -2.555497968719164584e-02 1.459715078506912678e-01 -1.976338300489446486e-03 1.012595161253516451e+00 5.006539880366696164e-03
1.016225298382470665e+00 3.290178142618862406e-03 1.565039338323812590e-01 1.595010444462991936e-02 1.059463845765143825e-01 -3.762809181395261604e-02 1.006769499144537283e+00 1.172189965870983584e-02
1.005060702340792034e+00 9.615698979435673838e-03 1.174870703730026694e-01 -5.085901835872433385e-02 1.337435108018746321e-01 -1.771843989878437581e-02 1.010010989422269967e+00 7.068679650014010954e-03
1.007009040048186588e+00 1.203559816209023858e-02 1.030520319608258517e-01 -3.892148960054123835e-02 8.509988738179197210e-02 5.034166221436271044e-02 1.021403942256143615e+00 1.498803369209128315e-02
1.007243493195644213e+00 6.338843346633452232e-03 1.374148066190145900e-01 -3.795834217569912100e-02 1.439193766549555498e-01 -3.365891865997477223e-02 1.007345278406438949e+00 5.415710026716439619e-03
1.016615868578093052e+00 1.666553708204779327e-02 7.589795053369315092e-02 1.936119642748600211e-02 1.332824268473581930e-01 -5.607659222557975602e-03 1.012020484828649813e+00 7.118833665568016257e-03
1.007247107211720616e+00 1.240425816277479845e-02 1.008482059666022390e-01 -3.745748763678920235e-02 1.142123553010598591e-01 -5.939530817350433672e-02 1.003141598648831900e+00 1.039833857924893010e-02
1.018700035206230314e+00 1.847982126311004114e-02 6.512472231073575257e-02 3.206936975336054790e-02 6.746646595312931483e-02 3.903429275413848598e-02 1.019567027198543974e+00 1.793697565927443449e-02
1.013103350741712427e+00 3.139122382269812425e-03 1.571680237722219431e-01 -2.883375516516785593e-03 1.104627375337411815e-01 1.252648861128936517e-02 1.015077482130978259e+00 1.086392211890999278e-02
nan nan nan nan nan nan nan nan
nan nan nan nan nan nan nan nan
1.010443884964577821e+00 7.123025580832162591e-03 1.329399808363251057e-01 -1.860196244411460240e-02 1.246105741503169412e-01 -1.893501967414612248e-05 1.012966183602207249e+00 8.544858324367927277e-03
1.012548544910489401e+00 1.885515042790156595e-02 6.237608893618031003e-02 -4.986536418440131249e-03 1.244598744199643253e-01 -4.814394025006429878e-02 1.004985257299981560e+00 8.674417449680570796e-03
1.014103782526569963e+00 -1.294295024266237234e-03 1.839750586111671693e-01 2.797883639442011634e-03 1.191298286242984811e-01 -4.336413066516094789e-02 1.005789578301211851e+00 9.547978913061760248e-03
1.015208463786730686e+00 1.529301934776765987e-02 8.406136138744212116e-02 1.076774300388014423e-02 1.654274896564728314e-01 4.868974100185848204e-03 1.013688116284998664e+00 1.765033282301742149e-03
1.015995744607768758e+00 2.832443537352179273e-03 1.592453645699841436e-01 1.453000595943203244e-02 1.452531038378097328e-01 1.471698617046791370e-02 1.015365180761353292e+00 5.089419485814248613e-03
1.019902537637530804e+00 8.676592679761686508e-03 1.243209712164359826e-01 3.854469252721413192e-02 6.929603006115073183e-02 1.997395811819266745e-02 1.016402041659170585e+00 1.767495730657884720e-02
1.018498012890590054e+00 4.654396214715867362e-03 1.484588874393399094e-01 2.975946711643565057e-02 1.447185834545211547e-01 3.761415714061694480e-03 1.013549434193609988e+00 5.201869133239574346e-03
1.007228462713053885e+00 1.110098207988404785e-02 1.087037886280965704e-01 -3.767297342907835467e-02 1.654187090959263196e-01 -3.121646089459540960e-02 1.007703639445818089e+00 1.844885890247197026e-03
nan nan nan nan nan nan nan nan
