2.303499087389781208e-01 7.096677854093235149e-01 2.303499087389781208e-01 -7.096677854093235149e-01
1.608940202221816884e-01 7.093050244081998690e-01 1.770198018283458408e-01 9.059847383356530726e-01
2.407072338321569749e-01 6.943598882172489217e-01 2.233689824287827808e-01 8.349998681238071097e-01
1.742926427036177728e-01 9.605607682925881852e-01 2.131453407047926851e-01 9.024231411452120488e-01
2.078285267320074126e-01 6.549362136543572799e-01 2.009081718559780627e-01 9.376654605317511493e-01
1.605903972483617992e-01 8.604218513466812546e-01 2.074971551620015675e-01 7.875430373821781238e-01
2.201425027300861759e-01 8.253897729948649342e-01 2.236312928803593780e-01 1.123445068262744373e+00
1.879343880973676495e-01 8.926656504978096596e-01 1.836752893404924314e-01 1.060195018508775400e+00
2.265406730541965064e-01 9.192230893881161435e-01 2.474512688688743078e-01 1.037253367143948113e+00
2.198116079620483221e-01 1.032679949206878112e+00 2.478112446637770749e-01 9.111194612660028502e-01
1.833129469294482450e-01 1.023704714493893775e+00 2.138314263658874226e-01 8.205103431864599894e-01
1.504783449451655430e-01 9.879038338818248999e-01 1.703581793608523187e-01 1.051778141923038312e+00
1.895963556223975721e-01 1.211169853940409435e+00 2.277114864563670182e-01 7.939199029325598733e-01
2.491818640376464722e-01 6.561706956773489807e-01 2.038681737319906206e-01 8.069408483767160911e-01
2.398921958519859843e-01 9.922407266398332037e-01 1.836461492167797971e-01 1.220175976436928211e+00
2.303797266140324707e-01 8.211775358138169167e-01 2.271933847230684367e-01 1.171530049132409879e+00
1.620109579860509463e-01 1.139995707493242971e+00 1.962590726343672598e-01 7.949043169057919966e-01
2.431118754670236470e-01 9.565881769940265400e-01 2.337712821823526577e-01 9.712808548199757253e-01
1.988518083461239538e-01 9.983918548647972013e-01 1.843302611757747234e-01 8.052391041808281136e-01
2.037425133681450284e-01 7.319933420494650900e-01 1.803769118532363436e-01 1.069377884389739020e+00
2.425795936654486507e-01 6.853541047061086910e-01 2.209004183084486705e-01 1.028830241462028727e+00
2.402905634951468250e-01 1.050948564220415715e+00 1.628701615142701953e-01 8.530677669096055071e-01
1.739407328970907496e-01 6.138742828266330331e-01 1.735563094522366845e-01 1.016470581519884897e+00
2.319867377577462808e-01 8.598839448824435738e-01 2.390106897410022579e-01 7.266768343504277361e-01
2.069297566262632837e-01 7.965662137026749967e-01 2.058528708186678491e-01 9.160487661634506562e-01
2.144481997300316245e-01 7.786408700773768121e-01 1.566905087156123533e-01 9.485727703205354411e-01
1.782512856445659932e-01 7.626380131829948450e-01 2.172121040160824301e-01 1.128676936401017628e+00
2.252497045954241217e-01 9.940635703431487391e-01 1.634760623563824289e-01 7.745800824418581643e-01
1.657904507138777961e-01 6.762201435010121164e-01 2.463075872896965945e-01 6.427792605199269538e-01
2.336913726824235149e-01 6.657298636797157609e-01 1.787700719864659948e-01 7.058394346517138374e-01
