9.999999816897943150e-01 -7.008264493849409740e-18 1.747384604421148013e-01 1.500917796030872553e-01 1.747384604421147736e-01 -1.500917796030872553e-01 9.999999787695086351e-01 -3.804611113680528946e-17
9.999999929126492937e-01 -4.193886158483462923e-09 1.220887558711091780e-01 1.047913190784748594e-01 1.092054438123602061e-01 1.393204318336651315e-01 9.999999987954990566e-01 2.541144874212630017e-09
9.999999969010563428e-01 -7.404493948229044313e-09 1.849746719506108195e-01 1.540269932079715853e-01 1.499202662455170476e-01 1.655826101630146485e-01 9.999999966668052798e-01 -1.742109580983255000e-09
nan nan nan nan nan nan nan nan
1.000000001718000631e+00 -4.415068510876571894e-09 1.648260593596290180e-01 1.265901415744639658e-01 1.188716842178686589e-01 1.619679515995762209e-01 9.999999981790358428e-01 3.084242559782850118e-09
1.000000005575633732e+00 -4.060397507394473334e-09 1.047238502085190426e-01 1.217464141277433687e-01 1.464076088679768517e-01 1.470370094841420561e-01 1.000000002707354785e+00 2.175033594845578690e-09
1.000000004396292885e+00 -2.295639654503879939e-08 1.493161178537963651e-01 1.617634659050899426e-01 9.673822786622091052e-02 2.016250051978503433e-01 1.000000000816826384e+00 -3.284794196259772457e-10
1.000000006646342365e+00 -3.884916221365293836e-09 1.178984630268903461e-01 1.463532849405232428e-01 8.976247784447960454e-02 1.602476554934918751e-01 1.000000012873699662e+00 2.830130882945373666e-09
1.000000002889620543e+00 -3.427670797112159722e-09 1.373828967506073029e-01 1.801294297333936867e-01 1.258505163149225003e-01 2.130581548881242127e-01 1.000000001544294692e+00 3.508858772152028981e-09
9.999999988668136774e-01 -2.792512707917856719e-09 1.126577399406457208e-01 1.887468452221164050e-01 1.518739878775597629e-01 1.958180403843401418e-01 9.999999971669321086e-01 3.460333399568241530e-09
1.000000000042885029e+00 -2.849505500770314250e-09 9.536044367924596810e-02 1.565567931864169371e-01 1.458005017411125315e-01 1.564163707229508371e-01 1.000000013035286850e+00 6.703941452503939779e-09
9.999999964279692177e-01 -4.005982896221595246e-09 8.282947644199793735e-02 1.256304428699406006e-01 8.450241452301711365e-02 1.479231331890617507e-01 9.999999955780128902e-01 2.917572675867433611e-09
9.999999977410949370e-01 -3.161396974343331637e-09 6.672363740247794217e-02 1.774675445533072660e-01 1.596383714368718176e-01 1.623826130082933750e-01 1.000000008222934333e+00 2.394398872215416385e-09
1.000000008807921281e+00 -1.959199533320827196e-08 1.974352726912285694e-01 1.520227172854323183e-01 1.410178603232740413e-01 1.472283375850842180e-01 9.999999952899399913e-01 5.269236469878486016e-09
1.000000014807715720e+00 -5.353272655902499544e-09 1.311767210367622838e-01 2.008505471739938375e-01 6.307884725145401772e-02 1.724730688470790529e-01 1.000000004448111657e+00 6.847251531072926355e-09
9.999999982628048345e-01 -3.255095552867358611e-09 1.569714857848106548e-01 1.686261160252865987e-01 8.831971463032103897e-02 2.093238194872301672e-01 1.000000002709002356e+00 3.535370109336889667e-09
9.999999962619753324e-01 -3.732852620213126472e-09 6.765552724199995482e-02 1.472082765594174003e-01 1.374506492737928021e-01 1.400890589884597748e-01 9.999999995561295041e-01 2.272989753432344540e-09
1.000000008979734956e+00 -8.755014796489138827e-09 1.401081439280159602e-01 1.986782907029685241e-01 1.319036635954946857e-01 1.930036805579772585e-01 1.000000003162414774e+00 -2.149519518513676969e-09
1.000000002316919101e+00 -3.960413730178272566e-09 1.077090457409487917e-01 1.671550147784517659e-01 1.277296064183957025e-01 1.329014472085214005e-01 1.000000003466007259e+00 2.223663290501816693e-09
nan nan nan nan nan nan nan nan
nan nan nan nan nan nan nan nan
9.999999978328817374e-01 -2.872364370450612038e-09 1.193638671244905969e-01 2.085469126863622458e-01 1.071156896946971193e-01 1.226903466602277948e-01 9.999999936456813732e-01 2.949134189788251256e-09
9.999999988991226108e-01 -2.047782511834669919e-08 1.421830108502574186e-01 1.001966380699180759e-01 9.135488703021366064e-02 1.475671525321030908e-01 9.999999970694011253e-01 4.776926774052628153e-09
1.000000004076156301e+00 -4.112657173775006385e-09 1.513772457965348872e-01 1.757918408568046043e-01 1.786333407111057869e-01 1.587962216807568827e-01 1.000000005577915685e+00 1.604428170082855918e-09
9.999999964663576213e-01 -3.800566777384598797e-09 1.446782232420313896e-01 1.479463842642129434e-01 1.253559675141003305e-01 1.632828428314250513e-01 1.000000007430694060e+00 2.603600734848193799e-09
1.000000000412692103e+00 -3.671997046085287129e-09 1.526589712896921913e-01 1.506096455561060921e-01 9.132604192142204647e-02 1.273242768858139640e-01 9.999999937624294288e-01 3.241683714439808911e-09
1.000000016716213302e+00 -4.708699892667460410e-09 1.288785544779190717e-01 1.231415342375576233e-01 9.293551649494782851e-02 1.963264826510263961e-01 9.999999972665617465e-01 3.881066263008055952e-09
1.000000000844166070e+00 -3.663599462864348326e-09 1.228259847725105269e-01 1.888152548882846005e-01 1.168387655765004557e-01 1.143377794304815259e-01 9.999999996981351336e-01 2.272340492848688376e-09
1.000000005744394072e+00 -2.412370494446764904e-09 1.293072937791831800e-01 1.037598693493593099e-01 1.971526633377187199e-01 1.476422581136883350e-01 1.000000020528055922e+00 8.494220775329534173e-09
nan nan nan nan nan nan nan nan
