1.012801107018644897e+00 -4.339677210430457774e-19 1.766855006083022928e-01 4.597746943781420847e-03 1.766855006083024315e-01 -4.597746943781427786e-03 9.931981392129882735e-01 -1.543011612688207312e-18
1.009457147147463596e+00 -3.757287743440616682e-04 1.505692325264132436e-01 -2.965647189558484262e-02 1.285969896471179930e-01 1.205444222633641517e-02 9.967351378319980748e-01 1.815138171571449533e-03
1.007227622270244538e+00 1.078886851134988915e-03 1.173854514887954087e-01 -3.740578739034065847e-02 1.665137327159920966e-01 -5.588183431064418574e-03 9.936915616940684703e-01 6.276530621115274447e-04
nan nan nan nan nan nan nan nan
1.006944375194716468e+00 6.407009463794965942e-04 1.189318457400780765e-01 -4.390323757596618220e-02 1.239701625313192890e-01 -4.585816419940252214e-03 9.960457209323476668e-01 2.974970335598344645e-03
1.009539166391814513e+00 1.110595180578219073e-03 1.375475765308843690e-01 -1.574501582329254287e-02 1.324394206548324682e-01 2.383063452753376651e-02 9.971923550771617517e-01 9.622681154563795473e-04
1.006528503547099218e+00 6.033265516038370350e-03 6.537422301034566396e-02 -2.967176767684895347e-05 1.054510324389968112e-01 -3.571080198064456590e-02 9.952889450183987075e-01 5.701231402553398782e-03
1.005423074828969643e+00 1.165767101474338109e-03 1.006129989860623658e-01 -5.332777332319040692e-02 7.689883340136248469e-02 -2.158757982821579366e-02 9.976281268015876336e-01 6.550184007809019618e-03
1.010478243833829115e+00 3.451517771661167557e-03 1.242057892833358101e-01 1.365618015724153270e-02 1.102503002846358521e-01 -3.317857713094886363e-02 9.951726951709530811e-01 5.293574269540949999e-03
1.006964604827707443e+00 2.290615725632694308e-03 1.038502972839061983e-01 -2.911563826726815823e-02 1.589636817736530539e-01 1.851290153246633059e-03 9.945192393812631870e-01 6.520585440961809351e-04
1.007521326883017210e+00 2.081361976316185337e-03 1.107123152727147591e-01 -2.581808240017339703e-02 1.461214646950038387e-01 -1.311648938303195669e-03 9.950342493806637600e-01 1.547776724997568113e-03
1.012368392732634348e+00 1.738304992041432703e-03 1.567781953682017282e-01 1.597811578691141210e-02 1.059007413479574194e-01 -3.747050409247542485e-02 9.951653287117881996e-01 5.770880013906336085e-03
1.006351732686822098e+00 3.859607452601872464e-04 1.160435807477918774e-01 -5.163902576529563054e-02 1.338425611926761516e-01 -1.724218917079287441e-02 9.947981466205942924e-01 3.101215913217546336e-03
1.006262743032959817e+00 1.878570929894845132e-03 1.014504829824887794e-01 -3.925365483425635044e-02 8.456698239970678044e-02 5.107336622578435847e-02 1.001315487360880496e+00 2.193264110695064984e-03
1.008184210199674746e+00 -7.929865177154840628e-05 1.365629373117179246e-01 -3.880707336039732058e-02 1.441407265321786035e-01 -3.320063385816546947e-02 9.933411870956531109e-01 3.381757729208939751e-03
1.008186374125784823e+00 6.618453731256420704e-03 7.463253065018864152e-02 2.048294918982301871e-02 1.332755569586980271e-01 -5.158782276165440120e-03 9.955108380869276408e-01 2.480653355614734039e-03
1.006231957906889019e+00 2.082142732822247697e-03 9.929516033223391436e-02 -3.773694043970032136e-02 1.141809303389372948e-01 -5.927290879268226620e-02 9.934874775097045640e-01 6.480935116704748464e-03
1.008338937223890674e+00 7.938613598103744229e-03 6.377203639512402100e-02 3.357646126077207249e-02 6.690264431095779840e-02 3.960471525333431053e-02 1.001622086258237454e+00 3.809728382021290542e-03
1.011303222752540032e+00 6.801000808465376864e-04 1.571399124116146795e-01 -3.238273979237130899e-03 1.104069730879383843e-01 1.305133135056810341e-02 9.977737665995013439e-01 2.788069953429418539e-03
nan nan nan nan nan nan nan nan
nan nan nan nan nan nan nan nan
1.009071304608857966e+00 1.237544087785423172e-03 1.322331668803209681e-01 -1.894901108490018929e-02 1.246377964226597357e-01 4.923771526853287957e-04 9.962963131737274658e-01 2.663035078997481528e-03
1.006034115858461586e+00 6.084094199557154616e-03 6.052913847470360598e-02 -4.152619234149420961e-03 1.243024389476640318e-01 -4.794355152266458614e-02 9.935803687812434504e-01 5.297762390314445825e-03
1.013092973157935672e+00 -5.781110365442839513e-04 1.846154190630728831e-01 2.181463538076379698e-03 1.192320858351225837e-01 -4.320049908308174619e-02 9.941219251404816992e-01 5.327817812298866508e-03
1.008127506471187429e+00 5.675458948887215742e-03 8.283364325732418820e-02 1.159367862660832561e-02 1.656564287293501858e-01 5.472745243877219848e-03 9.943622152170135120e-01 7.869626561051514283e-05
1.012429038422136385e+00 1.501297469225382685e-03 1.595070184406202629e-01 1.444171019900278817e-02 1.454567026113601780e-01 1.530480450394954527e-02 9.960080964771718115e-01 6.879236968052831851e-04
1.011935044246986770e+00 4.844239584521647414e-03 1.242156544070793928e-01 3.945509913302735344e-02 6.886376929821233506e-02 2.036262164867774435e-02 1.000430019568949280e+00 4.738204327253919476e-03
1.012731858611475966e+00 2.955189671169048283e-03 1.487392538319491642e-01 3.010842527925368037e-02 1.449064649715398057e-01 4.256355151286772033e-03 9.954141620972878357e-01 1.315657831096573747e-03
1.006641165504693625e+00 1.609631387750389128e-03 1.072867375577860466e-01 -3.813342003898093774e-02 1.658046046018337993e-01 -3.064352081628065466e-02 9.923155635716514045e-01 2.020802420816812314e-03
nan nan nan nan nan nan nan nan
