2.436747840382645636e-01 8.969387008594923438e-01
2.045674867106085371e-01 1.127856901148238222e+00
1.662147241803786091e-01 8.152548412751993157e-01
2.317725012160159193e-01 6.485809983828857428e-01
2.177103142937458768e-01 9.678962829960612302e-01
2.262752708343763464e-01 9.693438515059686900e-01
1.901266068136618914e-01 1.081275007600409177e+00
2.466019180231124597e-01 9.060167116627599881e-01
1.671217789014409205e-01 9.093433294116228804e-01
2.282552275612417247e-01 7.752917260136611421e-01
2.495564935535400930e-01 7.256490565085367273e-01
1.899608863872534192e-01 9.848721074144632937e-01
2.091537143998394299e-01 1.021742157584114796e+00
1.546199507575847509e-01 8.634153222034823827e-01
1.845210206357214278e-01 8.126762035453478639e-01
1.990730500888736043e-01 1.150263018349284128e+00
1.922136636864508474e-01 8.394794778146360548e-01
1.514098815291641809e-01 9.853293000144160985e-01
1.521724396566814796e-01 9.224314560192584667e-01
1.816465629060221854e-01 1.144182546957466240e+00
1.992425812897113402e-01 8.396131550058192339e-01
2.257170667620201909e-01 7.846161537434963584e-01
2.461887460620602042e-01 8.612491001294659831e-01
2.384671357347171450e-01 7.186449219257089460e-01
2.090486923541889364e-01 9.283394563389972820e-01
1.730968091213327398e-01 1.003302321661999397e+00
2.388166322916551176e-01 1.007527680230224654e+00
1.855414670620165185e-01 5.495084158879712799e-01
1.779574651276166486e-01 1.215235516153310158e+00
2.056420819120515497e-01 1.063637911064954089e+00
