2.436747735427373662e-01 8.969387209370601743e-01
2.045674779333125914e-01 1.127856912968559389e+00
1.662147979587567659e-01 8.152550111406572375e-01
nan nan
2.177103057457614455e-01 9.678962960919699210e-01
2.262752617439390823e-01 9.693438663857771864e-01
1.901265981644965075e-01 1.081274761257126737e+00
2.466019075776607616e-01 9.060167280233217824e-01
1.671217755571792751e-01 9.093433509230275380e-01
2.282552173357499381e-01 7.752917548669722159e-01
2.495564822796342008e-01 7.256490467397179733e-01
1.899608785194981941e-01 9.848721205277242152e-01
2.091537074895160608e-01 1.021742165665399327e+00
1.546199561843122627e-01 8.634151127069574772e-01
1.845210186907146888e-01 8.126761667122185395e-01
1.990730435691865363e-01 1.150263013938023660e+00
1.922136549512718229e-01 8.394795123165083028e-01
1.514099599248467931e-01 9.853293869601948973e-01
1.521724371423955613e-01 9.224314824315101857e-01
nan nan
nan nan
2.257170604959470028e-01 7.846161885533542435e-01
2.461887432922568175e-01 8.612489768341347052e-01
2.384671257788004428e-01 7.186449558816554450e-01
2.090486830107106120e-01 9.283394773261766098e-01
1.730968053419444652e-01 1.003302344871516150e+00
2.388166270612211428e-01 1.007527698696748297e+00
1.855414608491673945e-01 5.495084780432580862e-01
1.779574546974393157e-01 1.215235501926901662e+00
nan nan
