3.183810691066302212e-02 7.124327394771456934e-01
6.757280325119140174e-02 9.379740856996294784e-01
3.550019195423466389e-02 8.999177437990674155e-01
nan nan
4.145208440022540158e-02 9.208286789269759520e-01
2.658354044366522881e-02 8.345814135887769103e-01
1.781766830328840659e-02 9.394852610671750037e-01
1.471060567187842082e-02 7.133447674330688493e-01
4.809019342543523201e-02 9.278538928489975524e-01
2.601086230999342247e-02 1.127191812724373854e+00
5.352676379360079423e-02 9.897623620942063161e-01
1.423507773799539619e-02 9.882378926536569130e-01
3.530573815499522122e-02 8.929022977086519264e-01
3.022758231172167562e-02 1.094927114742163976e+00
2.571793563762701795e-02 6.764019263569804874e-01
2.942348732189505392e-02 6.742178361336754744e-01
6.939765555725734003e-02 1.052278447261252303e+00
1.355407937400126238e-02 7.179164455908876308e-01
4.637912617631689827e-02 7.539579943491999670e-01
nan nan
nan nan
2.367001219993493041e-02 9.255956972539481908e-01
2.002798496418335683e-02 8.856240630987868290e-01
3.971791855340145450e-02 1.075763574716022131e+00
5.445601984940254964e-02 1.019694767314159201e+00
6.412176207761807745e-02 6.478503578578550526e-01
4.911246302497989519e-02 9.352093112026638178e-01
3.946265241049268929e-02 1.047417535646852027e+00
3.124138803596990949e-02 9.037997353992791583e-01
nan nan
