2.454182665920236761e-01 7.422747977918683349e-01 2.350109593439770050e-01 7.230338221723228154e-01
2.032588553290188282e-01 7.080139564463833191e-01 2.159848501515240216e-01 9.342628725776265242e-01
1.741976006524875442e-01 8.004466621626019629e-01 2.271342523491223508e-01 7.501550740783077265e-01
2.245770273600338762e-01 7.025038225291536653e-01 2.268514608339613770e-01 7.030758899073978885e-01
1.706090578951823256e-01 7.679359849648778047e-01 1.996532928791429629e-01 9.052851605775509292e-01
2.036031509638660808e-01 8.011732260169480702e-01 2.279910941303899818e-01 9.499421617346396340e-01
1.774527992716125047e-01 1.164204019327408801e+00 1.636329486525895105e-01 8.823404901010950541e-01
1.511980883814234566e-01 8.089756671403218746e-01 1.602937776678814152e-01 1.080580154246706170e+00
2.178083356501649970e-01 9.380148772833256654e-01 1.684852874950372725e-01 8.701300943189254067e-01
1.716714387688019205e-01 8.907187670359069109e-01 2.270944826894699953e-01 7.970905519698818775e-01
1.785065132007570832e-01 8.721148601046713189e-01 2.160684814128576436e-01 8.309123456696270171e-01
2.397344012667772806e-01 8.332525533970700504e-01 1.623660728585679947e-01 8.749908157282679788e-01
1.631849280922318401e-01 7.470366225167042185e-01 1.958913675326936776e-01 8.256907810165490247e-01
1.623167838942676244e-01 8.636482190790220059e-01 2.307963703243779141e-01 1.191182599298495459e+00
1.868242143868488747e-01 7.212763641213052468e-01 1.913623068168219254e-01 7.294451080347480465e-01
1.998022430407457861e-01 1.160806886419787798e+00 2.050165268036668875e-01 8.667376857283910496e-01
1.620925885615858986e-01 8.801239129296037911e-01 1.515699756154945677e-01 7.411029971381521975e-01
2.082328772853367371e-01 1.232561108402074446e+00 2.142757267666137722e-01 1.251173664606864966e+00
2.260494269444810744e-01 7.759923291587662586e-01 2.070247510914826061e-01 1.009942103772784039e+00
1.983503235494535888e-01 9.171871878406675505e-01 2.409955283461279463e-01 7.990649199931938451e-01
2.390092820299966059e-01 8.753022240563939071e-01 1.880992048036305708e-01 1.021867256050660977e+00
1.976528561649345261e-01 8.096638480046330910e-01 2.042088948969710271e-01 9.177002192925781676e-01
1.718307171193377281e-01 1.181420462552746908e+00 1.669693237320644674e-01 7.468403024391156997e-01
2.495251818235383057e-01 7.134670114055179369e-01 1.666619271920896372e-01 7.903081538165011022e-01
1.951008154342682432e-01 1.104798683884011812e+00 2.344283892385642942e-01 7.864750616282785156e-01
2.404695207142620028e-01 8.205827030322356830e-01 2.287080855770236565e-01 8.816335914835123910e-01
2.392025652352688936e-01 9.998811761880919136e-01 1.964342147032050456e-01 1.213919152864857187e+00
2.455311272897207076e-01 8.956149997976924348e-01 2.196977865640321603e-01 8.525719287946507130e-01
1.669374552059156580e-01 8.416813065236620206e-01 2.093032004149486258e-01 6.663904937280409335e-01
2.252875961839266583e-01 8.506679009595147223e-01 1.534226367828254167e-01 1.003385639764317494e+00
